1 1 20100123 HwangMyunghan CS 12345 23456 17651 17652



2 2 20090421 KimJason EE 17651 17652 17653 17654



3 3 20110512 ParkHongsun CS 12345 23456 17652 17654



4 4 20100123 KimYunmi CS 12345 17651 17652 17653



5 5 20100125 KimHokyung ME 12345 23456 17651 17654



6 6 20100323 JungPhilsoo CS 12345 23456 17651 17655



7 7 20080678 AhnJonghyuk EE 12345 17651 17652 17654



8 8 20110298 LeeMijung ME 12345 23456 17651 17652



9 9 20120808 KimSungsuk EE 12345 23456 17651 17652



10 10 20080603 ParkKitea ME 17651 17652 17653



11 11 20070452 KoKyungmin CS 12345 17652 17655



12 12 20130091 KimChulmin CS 12345 23456 17651 17652



13 13 20110876 ParkKiyoung EE 12345 17651 17652 17654



14 14 20100128 KimMinsu CS 12345 17651 17652 17653



15 15 20100131 KimJungMi CS 17651 17652 17653 17655



16 16 20130094 JangGoyoung CS 12345 23456 17653



17 17 20130095 KimSoyoung EE 12345 23456 17651 17652

sy 0204 60211663 ParkSeungyeon CS 12345 23456